CH0-0:0.000578427,1 CH0-1:0.000578427,1 CH0-2:0.000578427,1 CH0-3:0.000578427,1
CH1-0:0.000578427,-1 CH1-1:0.000578427,-1 CH1-2:0.000578427,-1 CH1-3:0.000578427,-1
CH2-0:0.000578427,-1 CH2-1:0.000578427,1 CH2-2:0.000578427,1 CH2-3:0.000578427,1
CH3-0:0.000578427,1 CH3-1:0.000578427,-1 CH3-2:0.000578427,-1 CH3-3:0.000578427,-1
CH4-0:0.000578427,1 CH4-1:0.000578427,1 CH4-2:0.000578427,1 CH4-3:0.000578427,1
CH5-0:0.000578427,1 CH5-1:0.000578427,-1 CH5-2:0.000578427,-1 CH5-3:0.000578427,-1
CH6-0:0.000578427,1 CH6-1:0.000578427,1 CH6-2:0.000578427,1 CH6-3:0.000578427,1
CH7-0:0.000578427,1 CH7-1:0.000578427,-1 CH7-2:0.000578427,-1 CH7-3:0.000578427,-1
CH8-0:0.000578427,1 CH8-1:0.000578427,1 CH8-2:0.000578427,1 CH8-3:0.000578427,-1
CH9-0:0.000578427,-1 CH9-1:0.000578427,-1 CH9-2:0.000578427,-1 CH9-3:0.000578427,-1
CH10-0:0.000578427,1 CH10-1:0.000578427,1 CH10-2:0.000578427,-1 CH10-3:0.000578427,-1
CH11-0:0.000578427,-1 CH11-1:0.000578427,-1 CH11-2:0.000578427,-1 CH11-3:0.000578427,-1
CH12-0:0.000578427,1 CH12-1:0.000578427,1 CH12-2:0.000578427,1 CH12-3:0.000578427,1
CH13-0:0.000578427,-1 CH13-1:0.000578427,-1 CH13-2:0.000578427,-1 CH13-3:0.000578427,-1
CH14-0:0.000578427,-1 CH14-1:0.000578427,-1 CH14-2:0.000578427,-1 CH14-3:0.000578427,-1
CH15-0:0.000578427,-1 CH15-1:0.000578427,-1 CH15-2:0.000578427,-1 CH15-3:0.000578427,-1
CH16-0:0.000578427,1 CH16-1:0.000578427,1 CH16-2:0.000578427,1 CH16-3:0.000578427,1
CH17-0:0.000578427,1 CH17-1:0.000578427,1 CH17-2:0.000578427,1 CH17-3:0.000578427,1